#
#   parameters for generating boat profiles                                                            Inside boat mutation
#                   del                                                                                                                         max
#    set   set  set set set            set           set          set     Life                                                                  Off          Det/
#     H    WAs  Off t   H       pran   WAs    pran   Off    pran   t   ran ava kD  kC  kDC  .  ..  ... mut    mut    mut    mut    mut    mut    p           Rnd
# 1   2    3    4   5   6       7      8      9      10     11     12  13  14  15  16  17  18  19  20  21     22     23     24     25     26     27  28  29  30
10   10   20   30   9   0       0      0      0      0      0      0   0   0   0   0   0   0   0   0   0      0      0      0      0      0      0   0   0   0
11   55   20   30   9   0.10    0      0      0      0      0      0   0   0   0   0   0   0   0   0   0.00   0.00   0.00   0.00   0.00   0.00   0   0   0   0
12   55   55   30   9   0.10    0.30   0.05   0.10   0      0      0   0   0   0   0   0   0   0   0   0.00   0.00   0.00   0.00   0.00   0.00   0   0   0   0
13   55   55   55   9   0.10    0.30   0.05   0.10   0.00   0.20   0   0   0   0   0   0   0   0   0   0.00   0.00   0.00   0.00   0.00   0.00   2   0   0   1
14   10   20   30   9   0.10    0.30   0.05   0.10   0.00   0.20   0   0   0   0   0   0   0   0   0   0.00   0.00   0.00   0.00   0.00   0.00   0   0   0   1
20   10   20   30   9   0.00    0.00   0.00   0.00   0.00   0.00   0   0   0   0   0   0   0   0   0   0.00   0.00   0.00   0.00   0.00   0.00   0   0   0   0
21   10   20   30   9   0.10    0.30   0.05   0.10   0.00   0.20   0   0   0   0   0   0   0   0   0   0.00   0.00   0.00   0.00   0.00   0.00   0   0   0   1
22   10   20   30   9   0.10    0.30   0.05   0.10   0.00   0.20   0   0   0   0   0   0   0   0   0   0.00   0.00   0.00   0.00   0.00   0.00   0   0   0   1
23   10   20   30   9   0.10    0.30   0.05   0.10   0.00   0.20   0   0   0   0   0   0   0   0   0   0.00   0.00   0.00   0.00   0.00   0.00   0   0   0   1
24   10   20   30   9   0.10    0.30   0.05   0.10   0.00   0.20   0   0   0   0   0   0   0   0   0   0.00   0.00   0.00   0.00   0.00   0.00   0   0   0   1
30   10   20   30   9   0.10    0.30   0.05   0.10   0.00   0.20   0   0   0   0   0   0   0   0   0   0.00   0.00   0.00   0.00   0.00   0.00   0   0   0   0
31   10   20   30   9   0.10    0.30   0.05   0.10   0.00   0.20   0   0   0   0   0   0   0   0   0   0.00   0.00   0.00   0.00   0.00   0.00   0   0   0   1
32   10   20   30   9   0.10    0.30   0.05   0.10   0.00   0.20   0   0   0   0   0   0   0   0   0   0.00   0.00   0.00   0.00   0.00   0.00   0   0   0   1
33   10   20   30   9   0.10    0.30   0.05   0.10   0.00   0.20   0   0   0   0   0   0   0   0   0   0.00   0.00   0.00   0.00   0.00   0.00   0   0   0   1
34   10   20   30   9   0.10    0.30   0.05   0.10   0.00   0.20   0   0   0   0   0   0   0   0   0   0.00   0.00   0.00   0.00   0.00   0.00   0   0   0   1
40   10   20   30   9   0.10    0.30   0.05   0.10   0.00   0.20   0   0   0   0   0   0   0   0   0   0.00   0.00   0.00   0.00   0.00   0.00   0   0   0   0
41   10   20   30   9   0.10    0.30   0.05   0.10   0.00   0.20   0   0   0   0   0   0   0   0   0   0.00   0.00   0.00   0.00   0.00   0.00   0   0   0   1
42   10   20   30   9   0.10    0.30   0.05   0.10   0.00   0.20   0   0   0   0   0   0   0   0   0   0.00   0.00   0.00   0.00   0.00   0.00   0   0   0   1
43   10   20   30   9   0.10    0.30   0.05   0.10   0.00   0.20   0   0   0   0   0   0   0   0   0   0.00   0.00   0.00   0.00   0.00   0.00   0   0   0   1
44   10   20   30   9   0.10    0.30   0.05   0.10   0.00   0.20   0   0   0   0   0   0   0   0   0   0.00   0.00   0.00   0.00   0.00   0.00   0   0   0   1
50   10   20   30   9   0.10    0.30   0.05   0.10   0.00   0.20   0   0   0   0   0   0   0   0   0   0.00   0.00   0.00   0.00   0.00   0.00   0   0   0   0
51   10   20   30   9   0.10    0.30   0.05   0.10   0.00   0.20   0   0   0   0   0   0   0   0   0   0.00   0.00   0.00   0.00   0.00   0.00   0   0   0   1
52   10   20   30   9   0.10    0.30   0.05   0.10   0.00   0.20   0   0   0   0   0   0   0   0   0   0.00   0.00   0.00   0.00   0.00   0.00   0   0   0   1
53   10   20   30   9   0.10    0.30   0.05   0.10   0.00   0.20   0   0   0   0   0   0   0   0   0   0.00   0.00   0.00   0.00   0.00   0.00   0   0   0   1
54   10   20   30   9   0.10    0.30   0.05   0.10   0.00   0.20   0   0   0   0   0   0   0   0   0   0.00   0.00   0.00   0.00   0.00   0.00   0   0   0   1







  